e=2.718281828459045
pi=3.141592653589793 